18
17
14
16
16
13
14
12
14
19
11
18
14
15
14
17
17
11
12
12
17
17
19
17
12
17
16
18
15
14
14
16
11
10
20
17
14
15
16
12
14
15
20
20
17
7
14
10
11
15
17
10
14
16
15
13
18
14
17
13
14
14
15
0
12
15
16
16
16
16
15
15
16
14
14
11
17
18
12
13
15
15
13
15
18
15
15
14
12
14
17
18
16
15
15
14
15
17
15
16
13
14
12
14
16
12
17
15
16
14
11
20
10
17
18
15
16
14
12
14
16
15
14
11
13
14
1
16
13
17
18
16
15
15
17
12
13
14
15
16
15
16
17
20
15
16
18
19
16
15
15
20
14
16
17
13
19
13
13
14
13
18
16
2
16
11
11
20
13
12
17
17
13
18
17
15
13
17
13
16
11
15
14
18
15
14
17
17
15
13
19
1
16
16
16
17
16
13
7
14
15
11
3
12
16
12
14
12
16
13
19
13
17
14
17
16
12
16
16
14
15
16
15
14
14
17
15
15
16
17
15
15
11
15
17
17
11
15
18
16
14
16
18
4
15
16
13
17
18
17
15
14
15
16
12
14
21
16
14
14
12
11
8
16
16
12
15
15
17
15
15
17
14
10
11
14
15
16
12
17
11
11
15
14
15
17
5
14
17
13
18
12
20
18
6
14
14
16
17
18
16
15
18
14
17
17
16
17
13
14
17
13
13
15
18
18
16
17
16
15
7
16
12
21
17
2
12
18
22
16
15
15
11
16
13
15
14
17
16
8
12
16
17
19
16
13
17
11
17
14
13
9
19
19
12
15
10
17
16
15
15
12
15
13
17
18
16
17
12
16
12
13
19
15
13
14
17
15
14
17
15
16
19
12
11
14
13
14
16
15
15
16
12
16
13
16
15
12
15
14
16
18
18
16
16
16
15
15
15
13
18
16
14
11
15
15
13
17
14
18
14
14
15
13
12
15
18
14
16
13
15
17
14
14
12
19
15
15
16
15
14
15
9
3
17
16
15
15
11
14
15
10
20
16
12
14
16
19
14
14
12
17
16
14
12
17
16
15
15
16
13
14
15
18
20
19
20
15
4
14
13
15
17
18
19
18
15
12
16
17
20
15
17
15
17
13
16
19
16
20
15
14
14
17
14
14
19
21
14
16
14
17
16
13
15
18
12
15
12
17
16
16
14
15
11
17
13
14
15
16
12
12
15
17
15
16
14
20
15
16
16
17
19
15
17
16
15
15
10
17
13
19
16
14
17
15
13
13
22
17
15
16
17
14
20
14
17
18
21
21
21
17
19
10
18
12
16
14
16
16
17
16
16
15
15
11
13
15
13
13
13
15
19
19
15
16
16
12
14
12
13
18
18
16
15
14
13
12
16
14
11
16
14
19
12
15
15
11
22
19
15
19
12
17
16
14
15
16
16
19
18
14
18
16
16
18
12
16
19
14
16
15
14
12
16
15
13
18
15
17
17
15
16
14
15
16
14
16
14
12
12
16
18
11
11
20
15
16
15
17
11
15
11
15
19
16
17
16
13
15
14
15
12
13
20
15
15
12
17
16
16
14
12
16
14
17
11
11
17
13
16
13
16
15
13
12
18
15
15
15
13
18
14
20
17
17
15
15
16
5
17
17
14
16
16
14
17
14
18
13
17
17
15
17
14
16
17
19
6
12
20
12
15
11
15
16
7
11
20
13
15
17
13
17
14
16
15
19
19
14
15
13
16
18
13
17
13
20
20
10
15
10
17
14
12
16
15
14
21
14
18
17
16
16
12
18
17
15
14
18
14
16
13
16
15
17
15
16
19
8
17
20
16
17
16
12
17
16
14
16
14
19
17
20
18
15
15
16
17
15
14
13
19
16
15
10
15
11
15
18
14
15
16
15
15
19
19
15
20
12
18
15
19
15
18
14
16
15
13
16
19
12
18
17
14
17
17
17
13
18
15
17
17
16
19
19
12
17
18
16
14
15
17
15
15
14
15
19
19
14
15
13
16
15
16
16
18
18
15
15
14
15
13
16
13
15
20
19
12
14
20
16
14
15
17
15
13
17
16
19
16
17
14
15
17
12
19
17
14
17
14
15
19
14
13
16
15
17
16
15
11
17
16
14
17
16
8
12
15
17
15
16
15
16
15
16
15
16
18
17
15
15
15
15
17
17
13
17
13
18
14
21
17
17
12
16
16
14
18
13
16
13
19
15
19
14
18
14
15
21
18
18
16
16
22
16
14
17
15
15
19
15
19
18
20
12
17
16
8
15
