119
77
93
128
115
145
121
114
129
133
134
125
75
84
77
75
109
112
116
150
130
124
110
135
135
118
127
124
74
110
114
122
105
126
122
128
106
118
125
133
73
139
139
150
135
125
145
128
104
122
157
124
73
120
115
135
122
149
143
125
121
108
125
133
102
128
72
138
128
141
131
108
106
121
85
134
80
142
132
127
130
117
117
122
139
113
107
122
117
128
77
107
138
136
129
128
83
110
139
130
126
88
124
143
133
129
144
96
132
132
128
139
71
50
126
60
127
133
137
135
134
121
153
121
110
107
97
114
126
120
115
135
106
71
131
135
77
129
135
63
137
103
133
117
103
125
136
127
136
118
152
69
64
135
133
152
135
130
136
122
108
81
121
140
118
83
112
154
125
105
124
144
101
126
139
133
135
93
130
69
131
121
70
129
107
102
140
134
113
135
78
73
125
151
122
117
126
153
125
125
104
130
134
119
133
114
139
119
157
149
140
118
133
119
135
63
114
127
144
78
128
103
146
101
85
137
103
116
130
110
118
122
114
142
137
128
133
130
68
135
141
123
66
134
146
153
137
124
125
83
120
127
121
125
143
128
140
116
126
126
113
129
72
77
126
123
123
112
110
142
137
129
85
127
66
127
84
130
67
112
134
136
132
91
116
139
70
137
118
139
85
128
113
146
87
135
123
144
81
128
129
131
97
127
68
146
106
134
69
117
125
136
89
69
116
123
66
97
149
84
128
121
138
82
75
136
122
128
126
130
126
83
74
143
100
114
130
119
67
145
123
142
115
145
123
66
124
111
134
126
142
135
122
120
134
142
74
131
118
120
124
118
123
121
155
139
141
127
149
133
150
126
145
145
117
81
150
138
115
115
145
120
133
135
161
100
133
140
119
128
134
143
142
159
136
99
142
149
131
142
78
138
90
126
130
83
113
128
125
87
135
140
138
112
124
122
138
102
132
125
64
128
80
125
117
126
82
137
115
74
103
91
134
75
150
110
142
140
131
115
130
126
123
133
144
113
145
80
146
109
106
129
127
151
124
106
133
118
141
149
138
128
140
131
121
118
119
130
112
144
132
124
141
97
133
103
123
96
138
113
135
126
134
124
122
148
96
122
136
130
140
137
125
153
103
137
128
125
132
132
130
84
128
126
110
129
128
136
123
109
101
135
102
100
124
63
140
131
118
113
138
125
128
131
125
130
134
126
114
133
102
146
119
140
138
122
122
121
117
110
146
125
140
130
70
94
154
127
141
123
129
121
133
123
132
133
157
129
128
139
135
134
75
119
127
132
143
123
132
152
133
118
78
99
112
133
142
156
111
83
126
118
156
128
146
129
116
137
75
125
147
128
131
135
83
121
126
138
118
137
142
125
131
144
125
147
60
109
144
120
131
140
147
126
149
128
120
122
122
74
119
131
74
118
130
117
122
129
121
119
124
129
139
140
131
135
65
111
125
131
127
156
133
128
116
117
108
124
122
136
111
125
120
119
104
121
64
135
131
100
126
125
88
132
113
155
72
86
112
69
141
151
126
126
144
132
118
123
115
56
123
118
159
119
127
57
114
118
124
75
137
126
108
131
140
94
114
116
137
79
125
128
112
133
132
124
125
103
130
117
140
129
126
128
100
124
138
141
124
143
134
138
134
119
67
116
121
136
121
134
110
119
131
116
106
75
138
51
116
160
141
111
124
113
135
111
140
109
108
146
118
56
102
137
140
124
120
150
127
125
133
121
124
90
110
127
123
124
102
152
119
121
136
104
132
116
128
141
128
148
123
132
70
133
135
120
135
135
121
121
121
129
71
133
136
120
114
134
130
153
117
100
133
106
132
102
112
128
135
123
125
116
112
130
132
69
137
125
61
115
137
104
145
130
155
113
82
126
108
122
73
148
58
139
118
110
115
112
142
112
120
60
142
133
159
131
142
143
91
122
120
116
122
76
144
97
131
99
139
121
135
120
124
117
122
141
146
155
87
66
118
116
136
92
107
61
79
129
123
125
131
134
136
149
121
145
111
104
141
139
125
136
124
123
127
97
152
76
113
122
118
130
136
68
69
138
100
114
52
128
132
132
120
114
126
98
142
134
145
136
136
123
131
134
125
124
118
140
138
140
129
126
131
123
124
66
128
133
90
74
129
128
132
144
146
112
111
114
136
139
63
149
123
134
76
128
86
121
81
146
130
140
114
138
112
143
117
121
124
121
149
55
95
115
153
133
129
144
120
114
108
148
139
132
109
130
145
134
124
137
139
103
120
137
140
142
127
132
128
122
77
69
130
144
130
132
123
93
135
123
93
136
112
120
75
135
81
138
83
115
143
126
108
65
116
76
126
132
126
147
115
120
136
131
120
130
118
129
129
112
135
132
117
134
116
121
141
124
139
127
126
54
112
117
117
117
111
129
131
126
63
124
132
133
116
148
123
127
124
112
75
140
126
131
120
141
88
140
108
124
127
127
120
91
57
113
139
127
113
76
134
150
145
90
144
119
116
98
107
131
131
102
157
96
135
86
121
134
100
121
109
141
122
148
127
129
108
112
110
134
112
140
72
130
103
104
138
130
91
124
118
88
124
123
135
116
138
124
120
150
145
133
104
128
116
141
133
151
148
139
125
108
136
128
132
115
118
132
132
118
147
143
140
131
129
132
82
132
136
121
118
116
120
127
92
122
138
129
112
126
88
130
120
116
62
112
100
74
142
130
107
145
108
147
141
102
139
126
129
71
125
72
132
148
64
129
122
138
133
126
137
124
97
113
132
139
128
138
120
139
153
151
125
142
131
129
152
124
137
136
120
100
131
133
134
112
134
116
128
132
144
88
109
133
119
137
125
128
130
113
125
74
83
120
129
115
132
132
102
127
128
118
145
126
125
124
148
143
96
122
119
148
113
140
128
125
103
131
139
114
113
62
106
130
105
124
143
83
145
131
153
129
137
124
123
105
129
148
127
129
149
132
138
120
109
54
119
114
148
119
144
124
122
133
75
59
113
126
115
127
119
132
125
134
116
110
132
119
112
122
128
135
142
117
134
118
128
140
107
119
128
132
130
117
125
111
146
125
95
132
129
131
127
113
113
120
116
139
94
112
134
129
135
135
159
125
127
128
82
135
54
123
109
126
120
117
123
92
129
113
126
136
137
148
138
143
129
92
135
123
126
138
139
124
70
104
90
73
118
92
135
137
111
121
142
124
120
75
106
120
150
129
121
127
128
132
121
123
124
131
138
69
128
113
142
132
147
127
146
64
127
72
161
125
138
130
114
80
117
122
124
147
132
117
144
129
143
131
119
122
145
93
115
131
148
122
156
110
137
130
129
114
151
115
133
132
96
101
97
129
126
124
136
126
76
100
130
123
131
137
129
128
113
111
125
75
95
104
124
64
128
65
90
138
142
140
108
109
124
117
133
143
123
95
132
134
143
110
138
95
135
87
127
154
146
125
116
137
106
135
119
109
141
128
112
112
146
127
125
76
120
94
78
122
79
107
115
132
135
126
150
129
123
105
126
109
116
141
131
113
102
61
131
104
89
131
83
87
148
122
98
132
93
146
139
119
121
130
69
139
127
141
106
134
152
130
126
95
135
128
140
96
133
132
127
138
132
82
130
130
148
138
110
83
108
126
78
126
145
112
124
112
110
125
125
121
128
57
130
143
55
115
127
118
113
139
123
125
121
129
103
103
133
143
126
146
156
127
115
147
81
92
119
130
123
117
71
98
130
121
113
91
75
127
127
83
114
102
84
117
122
132
137
122
153
108
122
125
130
131
125
98
120
127
125
108
126
136
133
128
138
135
131
123
68
144
121
156
123
103
132
81
132
140
92
149
130
129
128
130
108
136
129
123
130
94
134
142
131
129
134
129
137
73
125
90
98
75
128
128
128
141
122
148
97
122
121
122
75
100
122
88
116
135
144
115
113
117
106
88
125
120
68
133
138
143
109
123
131
121
108
73
118
134
130
73
106
74
121
108
128
144
127
115
151
119
97
117
136
112
139
79
124
142
126
153
80
86
80
137
127
148
114
139
129
111
95
147
70
109
135
86
112
121
118
66
117
122
138
121
138
79
129
137
118
119
107
150
138
133
89
102
110
134
107
140
139
69
112
124
67
95
142
108
142
79
103
145
62
100
112
110
144
131
132
90
122
102
119
136
96
134
124
135
130
119
128
146
92
134
138
120
97
110
91
142
86
139
127
140
134
67
142
130
100
131
144
52
100
135
124
81
134
124
134
129
120
95
136
53
133
102
145
139
72
150
63
126
129
121
117
130
125
146
119
99
123
119
65
134
79
136
76
118
112
144
109
137
122
146
111
135
137
107
148
92
151
121
127
126
120
106
84
103
134
76
121
133
137
135
129
127
126
67
112
122
124
134
119
113
141
115
137
116
147
165
135
138
143
68
140
133
125
122
120
138
117
144
129
137
108
131
82
74
89
136
131
130
135
128
148
122
146
125
123
117
74
136
137
114
125
87
119
132
128
114
133
115
120
129
142
134
109
109
153
122
121
127
135
107
127
129
91
137
120
116
72
133
124
110
121
122
123
96
130
113
133
126
114
69
142
128
113
81
136
113
73
139
139
130
128
129
87
79
127
123
124
140
121
136
130
141
110
72
144
148
147
124
140
139
145
96
83
133
128
118
124
144
72
117
139
131
117
154
131
125
94
119
134
122
143
89
109
124
139
126
99
110
126
117
84
131
133
129
67
127
125
129
103
105
81
137
130
111
136
111
133
122
125
120
112
95
136
111
138
59
128
148
137
115
134
114
127
95
125
109
122
67
127
125
129
120
70
135
99
127
128
87
115
135
100
135
66
126
139
59
125
141
120
130
95
132
69
126
64
111
134
74
123
116
143
141
132
130
129
119
139
118
107
164
116
65
112
108
134
122
134
130
121
126
150
102
122
121
130
69
131
121
139
131
136
105
90
123
111
122
135
111
145
123
109
137
105
77
137
122
138
126
70
143
126
127
155
142
71
101
67
133
95
112
134
107
153
141
133
156
139
134
117
128
137
77
125
142
123
114
135
78
112
148
134
118
126
136
113
121
144
42
115
122
132
109
114
124
154
143
92
137
126
89
84
112
147
134
130
149
112
136
132
133
120
126
124
133
79
130
131
125
97
129
137
120
135
115
102
140
132
142
118
133
133
115
141
129
143
135
78
122
130
143
145
135
132
82
138
76
133
82
75
124
121
125
127
117
106
130
126
128
131
117
112
136
104
129
158
97
111
118
92
137
70
128
135
103
131
129
127
68
62
118
146
125
127
100
127
102
142
127
126
119
91
115
101
78
139
147
127
120
130
128
128
145
122
122
141
108
127
131
135
145
129
99
134
104
152
128
143
141
117
84
120
137
127
140
121
137
111
127
130
135
133
124
86
143
156
128
106
142
146
130
121
138
115
82
92
141
94
84
121
138
134
139
123
117
115
125
113
124
58
105
109
144
138
78
128
128
88
115
125
93
127
119
110
123
62
118
92
128
144
124
95
122
145
132
125
114
123
135
127
136
129
108
130
133
120
129
141
122
132
112
127
123
152
113
153
130
86
136
124
149
122
106
140
75
137
129
123
128
141
129
126
143
143
126
85
134
135
112
121
122
137
135
98
133
137
136
133
122
145
126
134
126
92
149
136
132
79
76
130
136
103
127
134
130
134
134
128
117
97
122
115
125
124
158
78
105
136
79
126
139
136
87
122
117
130
125
95
140
125
142
128
126
126
145
124
123
124
135
94
101
146
102
128
116
134
144
125
87
128
144
122
96
120
132
67
66
94
114
133
149
101
129
131
83
130
141
130
121
131
130
142
142
133
127
128
129
81
145
134
135
131
136
146
122
118
107
140
138
123
129
135
124
69
146
97
127
156
126
123
136
134
141
124
143
132
116
143
129
124
128
144
135
97
140
121
158
84
144
139
86
94
97
127
132
126
133
142
124
125
126
131
120
84
118
138
129
139
156
110
73
82
98
135
139
118
131
66
84
127
126
41
128
43
132
134
127
136
114
151
105
129
102
119
117
114
77
138
137
131
112
137
67
131
123
83
137
153
124
105
123
130
117
113
124
132
125
123
121
132
124
129
120
129
74
133
132
126
123
133
131
77
124
118
120
122
121
130
123
136
74
123
123
116
60
131
135
101
127
136
155
136
113
56
118
115
127
136
134
127
61
137
123
140
152
71
99
141
134
134
122
103
92
84
149
121
131
153
129
135
63
121
124
122
119
137
79
138
126
118
87
140
140
131
148
112
99
144
122
128
100
156
134
145
123
125
106
131
115
108
115
148
112
64
103
133
127
133
127
115
137
118
74
70
115
128
140
137
70
107
144
71
124
113
107
129
140
107
77
116
114
61
131
128
105
90
104
130
99
138
105
111
106
123
128
140
129
145
101
113
115
140
117
128
120
142
133
138
136
104
148
89
117
104
127
143
105
119
123
133
117
132
132
123
132
129
132
141
112
118
126
146
120
116
121
103
105
137
128
129
95
114
130
129
129
140
137
98
127
134
130
119
121
129
110
134
143
135
56
131
55
131
144
120
63
140
153
113
115
99
144
108
135
100
119
109
145
89
128
120
131
119
129
137
131
93
133
139
121
114
131
123
127
136
99
129
107
128
136
140
144
134
113
94
127
121
153
121
129
130
127
141
119
131
72
69
87
139
144
107
144
162
161
129
121
125
110
125
122
104
110
129
136
142
73
141
135
122
128
153
58
157
127
122
136
140
134
89
141
133
69
122
139
103
133
100
133
145
127
75
120
105
143
131
133
75
87
130
154
106
122
116
129
77
138
131
146
97
84
123
75
69
78
111
128
139
133
131
90
128
112
118
109
99
129
121
128
110
115
79
124
121
141
114
123
66
129
67
133
97
66
132
121
120
110
137
137
133
94
119
96
139
67
156
105
110
120
56
104
130
109
148
135
129
64
135
110
118
125
128
77
105
128
139
87
124
129
100
127
117
124
89
112
78
57
135
104
137
134
122
130
121
108
157
117
92
136
124
135
119
111
107
103
64
147
128
92
135
126
126
50
132
123
137
61
129
130
134
113
138
124
90
115
104
98
126
131
141
95
127
126
72
119
122
126
113
115
132
65
124
132
103
109
129
133
110
130
118
125
98
147
144
147
131
125
123
108
114
107
132
130
131
146
132
126
122
144
136
136
124
124
118
134
135
115
139
134
79
123
87
112
129
82
120
120
119
133
126
124
57
138
155
119
110
110
86
115
119
144
133
108
61
141
135
129
132
135
111
118
115
126
123
81
157
133
151
150
102
111
76
144
98
135
90
123
68
124
128
136
118
115
133
124
134
115
133
142
136
136
78
123
152
150
131
135
121
140
134
142
107
149
117
148
111
132
95
133
130
121
136
83
140
115
128
126
105
132
138
101
106
132
143
136
92
135
135
68
77
139
69
139
130
114
139
89
130
126
137
115
58
127
134
115
94
80
122
98
138
102
132
79
129
140
115
147
123
151
128
115
131
128
132
131
121
125
107
131
131
138
84
83
115
123
133
119
109
139
99
56
118
69
125
114
115
102
113
113
108
138
64
105
112
155
155
145
110
142
132
124
149
140
66
133
124
138
159
121
129
134
75
144
114
115
119
133
79
113
118
138
137
100
154
133
133
129
124
149
130
129
137
136
110
149
66
135
94
139
126
118
144
140
105
126
137
115
122
124
141
140
149
94
84
66
125
69
112
152
129
135
142
113
80
118
131
101
119
122
74
115
134
122
140
131
121
143
131
127
120
99
139
115
109
128
117
140
54
140
128
129
117
125
124
117
123
123
72
121
116
113
121
127
121
135
112
136
140
119
154
128
79
143
118
141
125
130
142
142
112
127
120
134
112
133
91
130
130
139
141
118
125
146
126
130
134
117
72
125
123
114
76
144
125
133
70
120
123
134
125
125
128
75
130
112
126
128
124
66
119
118
141
131
71
137
83
105
65
128
137
117
119
125
122
100
122
120
135
56
73
147
103
138
127
109
145
102
90
113
86
131
119
126
123
110
124
141
141
137
123
127
134
129
123
73
144
129
68
123
117
129
136
133
71
147
132
111
113
128
117
138
86
121
123
116
128
75
142
132
129
140
142
106
128
134
120
86
131
135
72
134
125
82
135
118
140
78
94
140
133
143
134
128
88
122
127
122
133
133
152
140
140
106
76
123
76
122
124
139
130
124
70
65
126
130
134
158
126
124
132
97
129
118
92
111
78
117
96
129
138
63
71
117
110
139
137
124
135
91
115
71
124
68
138
134
111
139
149
133
134
121
120
132
137
137
122
88
126
132
73
140
146
149
130
127
98
125
148
101
108
120
120
128
137
131
121
125
117
75
125
132
135
112
137
130
130
122
72
117
117
142
126
129
99
136
76
131
138
131
125
162
102
113
106
117
130
76
135
128
63
107
97
126
106
135
120
62
141
81
67
135
123
77
94
132
132
146
132
86
114
142
113
120
130
93
108
124
133
125
69
75
115
52
152
120
74
142
126
93
136
69
119
108
132
119
122
91
126
107
120
133
124
117
121
62
142
118
69
125
99
142
131
123
121
127
156
68
67
120
118
99
149
120
145
122
83
93
123
111
135
119
129
98
159
80
134
64
126
102
112
137
128
114
114
120
118
95
124
142
121
136
149
120
131
144
131
120
71
78
136
150
132
133
150
107
112
139
120
142
135
137
139
136
122
127
120
71
127
133
148
142
124
129
112
126
136
109
87
94
83
130
146
133
124
108
140
134
122
127
126
141
113
124
116
119
105
71
123
123
119
123
78
152
134
148
145
105
114
113
131
150
128
137
139
130
139
116
100
132
119
122
133
66
136
109
78
138
128
95
120
91
124
129
79
139
129
116
122
66
71
127
122
105
122
116
58
88
59
122
122
135
120
146
75
126
115
57
146
137
126
134
55
84
122
134
87
139
109
134
76
139
121
128
130
93
102
127
134
128
90
61
123
132
132
136
129
153
118
130
111
140
121
138
114
127
135
95
122
150
137
132
122
97
124
130
113
77
115
134
113
118
131
122
126
150
129
129
136
122
117
109
107
86
126
120
83
117
114
128
124
132
137
117
