18
20
21
15
20
16
11
13
15
14
13
14
25
15
25
18
12
29
26
14
24
8
21
11
17
15
18
21
17
12
22
26
13
21
15
18
16
27
21
14
26
18
9
17
7
14
14
14
22
16
13
15
21
20
15
9
25
19
24
18
18
20
21
27
24
22
12
23
20
15
8
21
16
20
23
24
20
21
15
21
16
28
17
20
24
18
16
18
12
15
22
13
21
18
11
10
28
15
27
21
14
18
10
14
22
16
19
28
17
19
17
19
23
17
14
27
13
16
17
12
20
23
14
27
26
29
20
11
10
13
7
28
20
14
10
26
25
27
15
13
21
29
23
16
25
18
21
15
27
26
21
16
14
21
20
23
25
25
14
18
26
19
21
10
15
21
19
24
15
19
21
22
15
26
16
21
14
17
19
19
22
16
22
26
21
14
22
14
17
23
19
18
29
20
17
24
18
24
18
28
28
19
24
14
17
23
23
19
18
25
25
23
23
14
19
8
25
21
23
17
17
17
15
25
12
25
8
15
22
11
12
13
10
20
22
22
19
22
14
19
19
21
21
13
21
17
22
22
21
19
28
10
18
16
17
29
27
16
27
19
24
10
12
25
19
23
16
29
17
14
28
8
20
25
22
17
18
10
20
22
25
13
26
19
18
30
11
25
9
12
15
11
15
19
6
25
26
17
19
17
25
13
15
18
21
19
16
24
11
24
11
27
20
11
15
18
6
23
22
20
18
27
15
22
28
14
11
12
13
27
14
19
20
29
17
17
14
22
25
17
25
11
16
15
13
22
26
25
15
23
21
13
23
17
17
20
20
27
19
16
24
27
22
15
29
16
12
22
11
19
14
22
17
20
19
25
8
11
10
20
18
11
26
23
13
18
11
24
19
19
23
27
19
27
17
23
26
14
22
9
26
19
18
19
22
22
18
17
16
16
19
19
24
13
20
18
16
17
20
15
23
23
23
16
17
26
27
23
12
14
17
30
18
10
19
27
23
20
21
13
16
24
19
24
13
24
16
15
20
19
22
16
14
16
29
24
10
18
26
16
18
23
17
19
21
19
18
20
18
16
14
22
18
13
17
13
21
20
21
11
21
20
25
17
28
26
22
15
13
18
28
11
21
18
20
19
20
27
17
20
19
13
16
19
26
24
21
18
19
18
17
18
5
19
16
8
29
17
5
14
12
16
29
14
24
25
23
14
15
29
16
29
22
8
13
25
12
19
17
13
15
19
7
29
14
20
15
24
22
11
15
29
19
20
17
19
19
8
19
18
17
18
19
17
15
20
18
15
22
19
23
29
14
20
18
16
22
12
25
19
21
18
13
16
22
15
15
17
18
23
25
14
29
26
19
19
18
20
26
15
27
17
11
25
18
16
19
24
20
21
15
20
19
18
15
17
20
18
18
17
22
20
25
20
19
22
19
6
13
24
26
29
20
25
18
25
23
18
13
17
