29
31
37
26
30
24
22
26
20
26
36
33
20
34
32
30
35
18
31
37
22
30
37
36
36
36
34
23
38
37
36
29
35
36
35
24
19
33
21
20
38
31
37
33
35
9
36
36
25
21
26
32
30
33
43
17
31
36
27
22
36
30
25
29
33
32
27
35
29
31
30
32
26
32
34
19
40
30
27
27
24
31
26
39
32
29
15
37
20
20
37
32
30
41
36
27
34
27
35
29
40
22
36
33
30
26
26
29
36
30
35
32
36
24
27
20
45
21
24
32
33
35
29
31
30
29
41
30
30
28
36
36
33
15
37
35
33
21
37
36
29
37
32
37
28
30
42
32
22
16
37
36
31
32
38
37
30
25
22
31
31
35
40
41
22
28
30
43
39
43
27
31
40
36
32
29
30
34
21
19
30
28
25
36
32
23
32
26
25
28
34
29
29
36
16
31
33
34
34
24
32
32
37
35
27
23
43
12
44
28
29
31
21
32
21
31
30
32
38
37
34
37
31
28
21
31
28
21
21
35
35
27
40
20
29
35
33
26
33
23
28
25
38
33
28
38
20
20
38
39
33
30
39
21
27
27
28
34
36
35
32
26
29
32
29
27
35
28
19
26
25
27
26
35
25
30
28
20
14
33
34
33
19
33
23
35
38
28
33
25
32
12
35
36
46
32
36
29
28
33
27
25
36
38
33
35
27
31
35
33
31
39
23
31
36
36
20
20
21
32
41
36
23
31
27
23
38
32
36
43
31
35
28
33
29
33
32
26
27
40
26
39
21
40
34
24
26
45
27
22
28
26
38
35
27
33
14
19
36
41
15
39
21
36
33
28
31
38
29
33
17
33
36
22
38
31
39
40
27
25
24
19
40
31
25
35
38
27
20
35
24
23
27
20
24
18
27
21
39
38
32
38
36
34
35
34
33
38
32
28
30
23
31
35
31
28
16
35
31
42
30
23
28
34
28
26
34
37
32
33
28
35
32
26
35
39
31
27
24
25
33
16
36
25
29
17
21
32
42
37
21
47
31
31
34
37
31
34
30
29
32
40
19
36
28
35
28
32
41
23
28
32
16
36
43
33
33
30
30
40
29
18
34
25
34
34
19
31
28
29
37
32
38
22
37
35
33
41
18
48
30
32
37
33
43
24
39
45
25
34
38
27
35
36
29
34
21
18
32
37
24
37
23
15
26
29
36
27
27
30
31
36
25
21
27
17
26
34
32
40
27
32
37
35
30
31
26
31
34
36
36
38
33
27
37
36
33
30
45
31
34
37
25
35
34
18
25
35
33
43
51
20
34
10
34
28
31
20
29
23
21
24
31
24
37
46
24
34
35
30
31
35
37
25
35
21
38
22
34
47
26
38
35
22
27
31
36
34
38
32
32
23
24
28
17
31
37
13
49
35
26
27
40
28
35
33
32
29
22
37
38
38
35
29
41
35
35
26
25
29
34
26
28
38
30
26
33
32
28
34
28
31
29
28
37
33
38
36
33
25
25
23
30
29
27
43
26
18
23
24
36
26
16
31
33
32
31
40
29
31
33
21
34
38
29
49
30
14
39
36
24
32
31
34
36
26
36
29
30
32
39
37
33
40
26
15
39
18
29
31
29
31
34
27
35
28
35
28
30
30
37
28
27
26
37
22
40
15
26
24
35
40
25
26
21
36
28
33
28
28
36
36
26
12
31
29
32
39
32
28
22
25
30
29
21
21
20
36
31
35
17
30
28
41
35
17
34
36
32
11
26
28
27
31
15
21
27
35
46
20
35
21
45
30
19
29
26
33
16
25
30
34
29
41
30
29
32
28
28
11
21
39
25
36
17
34
39
34
35
22
28
40
30
30
29
33
30
33
32
28
32
31
29
32
39
15
30
36
25
40
19
27
19
39
26
36
34
24
27
21
36
24
26
30
30
39
30
27
29
17
32
40
36
28
21
37
27
28
31
30
34
44
33
27
34
42
12
19
40
32
33
36
41
24
31
31
29
36
37
35
27
27
25
31
28
28
36
36
31
21
33
20
31
24
21
20
30
30
30
29
31
29
36
28
20
30
29
26
22
33
31
35
35
25
36
29
49
18
26
31
35
35
37
33
21
19
33
40
21
25
36
22
18
20
26
18
8
28
41
26
19
36
39
19
30
24
33
41
36
30
33
36
37
30
31
24
32
23
17
34
45
46
22
28
19
32
26
30
30
27
31
36
43
35
35
32
33
25
27
40
29
27
24
22
34
29
31
36
28
33
39
15
32
28
32
12
29
31
9
29
